zero avrages
10.2282
513.352
0.553542
0.990742
0.697179
10.3234
3.4388
4.29522
1.18567
4.64791
7.24416
0.0504041
0.20676
0.182439
0.0385746
0.170316
0.22263
33.9221
1118.45
325.512
11161.1
720034
233599
940.825
5223.99
2883.36
3039.16
8598.25
5203.11
0.1759
0.201102
0.20845
0.192065
0.138868
0.0339456
0.0495959
0.0835415
0.185424
0.155015
0.23083
0.206024
0.222633
0.44659
0.122712
0.0408382
0.0169381
0.699578
0.291017
0.360846
0.100035
0.76522
-0.259519
-0.510275
-0.11139
0.269819
0.0621697
0.339574
0.147201

one averages
10.0467
567.553
0.540025
0.988472
0.682237
12.0914
3.61704
5.15552
1.32808
4.62141
7.40905
0.0644979
0.129632
0.162164
0.0990806
0.237341
0.12447
41.3856
1345.04
372.26
12025.3
706966
233796
1136.03
6070.66
3269.44
5150.04
13488.3
8308.44
0.156577
0.171499
0.172702
0.173409
0.146959
0.0881188
0.0907355
0.178854
0.213832
0.125395
0.160181
0.230864
0.269728
0.462667
0.132897
0.0424561
0.0166943
0.710284
0.278118
0.366078
0.0960582
0.785907
-0.263306
-0.52345
-0.110718
0.289738
0.0903554
0.344743
0.164119
